0.00000000
0.98956819
1.00000000
0.98945939
2.00000000
0.98934830
3.00000000
0.98923486
4.00000000
0.98911900
5.00000000
0.98900063
6.00000000
0.98887966
7.00000000
0.98875603
8.00000000
0.98862963
9.00000000
0.98850037
10.00000000
0.98836816
11.00000000
0.98823290
12.00000000
0.98809447
13.00000000
0.98795276
14.00000000
0.98780766
15.00000000
0.98765905
16.00000000
0.98750679
17.00000000
0.98735076
18.00000000
0.98719080
19.00000000
0.98702678
20.00000000
0.98685853
21.00000000
0.98668589
22.00000000
0.98650868
23.00000000
0.98632673
24.00000000
0.98613984
25.00000000
0.98594781
26.00000000
0.98575042
27.00000000
0.98554746
28.00000000
0.98533867
29.00000000
0.98512381
30.00000000
0.98490261
31.00000000
0.98467478
32.00000000
0.98444004
33.00000000
0.98419805
34.00000000
0.98394848
35.00000000
0.98369097
36.00000000
0.98342514
37.00000000
0.98315058
38.00000000
0.98286686
39.00000000
0.98257351
40.00000000
0.98227003
41.00000000
0.98195591
42.00000000
0.98163056
43.00000000
0.98129339
44.00000000
0.98094374
45.00000000
0.98058091
46.00000000
0.98020415
47.00000000
0.97981264
48.00000000
0.97940552
49.00000000
0.97898183
50.00000000
0.97854055
51.00000000
0.97808058
52.00000000
0.97760071
53.00000000
0.97709963
54.00000000
0.97657592
55.00000000
0.97602802
56.00000000
0.97545425
57.00000000
0.97485273
58.00000000
0.97422144
59.00000000
0.97355812
60.00000000
0.97286032
61.00000000
0.97212529
62.00000000
0.97135002
63.00000000
0.97053116
64.00000000
0.96966496
65.00000000
0.96874728
66.00000000
0.96777343
67.00000000
0.96673818
68.00000000
0.96563564
69.00000000
0.96445914
70.00000000
0.96320110
71.00000000
0.96185291
72.00000000
0.96040471
73.00000000
0.95884518
74.00000000
0.95716126
75.00000000
0.95533781
76.00000000
0.95335716
77.00000000
0.95119864
78.00000000
0.94883785
79.00000000
0.94624586
80.00000000
0.94338811
81.00000000
0.94022305
82.00000000
0.93670027
83.00000000
0.93275819
84.00000000
0.92832087
85.00000000
0.92329378
86.00000000
0.91755825
87.00000000
0.91096230
88.00000000
0.90331705
89.00000000
0.89434524
90.00000000
0.88382937
91.00000000
0.87083333
92.00000000
0.85674603
93.00000000
0.83333333
94.00000000
0.82500000
95.00000000
0.75000000
96.00000000
0.83333333
97.00000000
0.50000000
98.00000000
1.00000000
99.00000000
0.00000000
100.00000000
1.00000000
